dave_minogue_88653193.key 2272 1520 2582.464600
13012027@N04_2073427575.key 768 1024 1110.122803
coymelancon_1186255251.key 1600 1200 1767.274658
alex1961_2471587281.key 2250 3000 2469.629395
49968830@N00_65656119.key 768 1024 1052.138062
13012027@N04_2074188818.key 768 1024 1127.829712
cayetano_2163959470.key 3000 2250 3152.708252
13284673@N00_416967273.key 2816 1880 2360.139648
97964364@N00_335401397.key 1536 2048 2300.845947
alex1961_2466367108.key 3000 2250 2477.294434
bliksemtobey_1491802280.key 2250 3000 3056.435303
beija_1679674454.key 3000 1995 2377.314209
cpirate_2192778720.key 2304 1728 2363.071533
arnaudlimbourg_30384870.key 2272 1704 2418.673096
claytron_146512503.key 800 600 830.705872
dankamminga_5084271.key 2048 1536 2097.555420
chrispearson72_350575075.key 2560 1920 2604.936523
aoifecahill_379216462.key 1024 686 995.938660
85428086@N00_231123207.key 2576 1932 2981.525391
allez_asnl_2086643493.key 512 384 683.217957
97964364@N00_335393201.key 1536 2048 5997.116699
acme_225281398.key 773 580 1092.990112
achtundsiebzig_196444302.key 600 800 848.450073
8250661@N08_513997064.key 1280 960 4167.322266
davilla_208891719.key 1024 768 6715.490723
beggs_86766300.key 3000 2000 19890.302730
baguette_2515927129.key 1349 875 2636.899902
cfuga_1434887093.key 2048 1536 2098.258789
49325640@N00_3802233.key 681 1024 900.882629
agostinofedeli_2185074889.key 960 1280 1330.602417